* Location: Durham Year: 2013
*                                                             *
* Column          Daily Value                                 *
*    1            Station Number                              *
*    2            Year                                        *
*    3            Day                                         *
*    4            Irradiance            KJ m-2 d-1            *
*    5            Minimum Temperature           °C            *
*    6            Maximum Temperature           °C            *
*    7            Vapor Pressure               kPa            *
*    8            Mean Wind Speed            m s-1            *
*    9            Precipitation             mm d-1            *
*-------------------------------------------------------------*   
-121.82,39.61,39.624,0,0
12,2013,60,17500,2.6,23.4,0.9,1,0
12,2013,61,12600,5.5,21.3,1.1,0.9,0
12,2013,62,9200,8.5,19.7,1.2,1.3,1
12,2013,63,17900,4,19.4,1.1,1.4,0.1
12,2013,64,11600,8,17,0.8,3.4,4.5
12,2013,65,11100,4,14.6,0.8,3.7,3.5
12,2013,66,14400,0.9,15.7,0.7,1.3,0
12,2013,67,18300,2.5,19.3,0.7,2.4,0
12,2013,68,19600,2.2,20.8,0.7,2,0
12,2013,69,18600,2.4,22.3,0.8,1.4,0
12,2013,70,19300,1.8,23,0.9,1,0
12,2013,71,19400,3.8,24,1,0.9,0
12,2013,72,19300,6.7,27.3,1.1,1,0
12,2013,73,17400,7.9,25.6,1.1,1,0
12,2013,74,18000,8.9,23.6,1.2,1,0
12,2013,75,20200,4.4,24.2,0.9,1.7,0
12,2013,76,21000,5.3,22.4,0.7,2,0
12,2013,77,15900,1.8,21,0.8,1,22.3
12,2013,78,10800,7.5,19.5,1,1.6,34.9
12,2013,79,8400,10.4,16.5,1,3,5.4
12,2013,80,20300,6.6,18.4,0.7,3.6,0
12,2013,81,23000,3.3,17.2,0.4,3.3,0
12,2013,82,22200,2.7,22.1,0.6,1.8,0
12,2013,83,21100,2.1,23.3,0.8,1,0
12,2013,84,18300,4.2,21.7,0.9,1.8,0
12,2013,85,20700,5,21.3,1,1.2,0
12,2013,86,19000,7.7,22.1,1.1,2,0
12,2013,87,12000,9.2,19.4,1.2,1.8,0
12,2013,88,22700,7.5,25.8,1.1,1.4,0.1
12,2013,89,16200,8.1,24.7,1.2,1.3,0
12,2013,90,15400,11.6,20.1,1,1.8,16
12,2013,91,15400,9.2,20.2,1.1,1,0.2
12,2013,92,23200,6.1,23.6,1.1,1.1,0.1
12,2013,93,21600,7.6,23.3,1.2,0.9,0.1
12,2013,94,7100,11.4,18,1.3,2.5,10.4
12,2013,95,18600,10.8,19.5,1.2,1.9,0.1
12,2013,96,16700,11.6,20.2,1.3,2.4,0
12,2013,97,16400,10,19.7,1.1,2.8,1.3
12,2013,98,25300,7.7,19.3,0.7,4.2,2.4
12,2013,99,25300,7.6,23.4,0.7,3.1,0
12,2013,100,24300,7.4,29.4,1.1,1.8,0
12,2013,101,24900,11.1,24.3,0.8,3.2,0
12,2013,102,25600,9.8,27.3,1,1.3,0
12,2013,103,24900,8,24.3,1,1.6,0
12,2013,104,24000,10.5,24.2,0.7,2.8,0
12,2013,105,17900,5.4,17.8,0.6,3,0
12,2013,106,25000,6.1,19.2,0.5,3.6,0.1
12,2013,107,27100,4.9,20.6,0.6,2.4,0
12,2013,108,26600,6.5,24.8,0.8,2,0
12,2013,109,26200,5.5,27,1,1.5,0
12,2013,110,27100,9.2,21.1,1.1,2.1,0
12,2013,111,27000,6.9,30.2,1.1,1.4,0
12,2013,112,27600,8.8,28.1,0.9,2.8,0
12,2013,113,28400,9.1,27.6,0.8,2.1,0
12,2013,114,28300,7.1,30,0.8,1.8,0
12,2013,115,27900,11.6,25.8,1.3,1.1,0
12,2013,116,27800,7.8,29.8,1.3,0.9,0
12,2013,117,28000,9.9,31.9,1.5,0.8,0
12,2013,118,26900,10.4,32.5,1.3,1,0
12,2013,119,27600,12.5,28.9,1.2,2.8,0
12,2013,120,27900,15.8,26.1,0.5,5.1,0
12,2013,121,29200,9.7,29.9,0.6,2.9,0
12,2013,122,29100,9.3,32.2,1,1.5,0
12,2013,123,28900,0,33.3,1.1,1.7,0
12,2013,124,27900,11.7,30.4,0.9,2.1,0
12,2013,125,23100,11.4,22.7,1.2,1.7,0
12,2013,126,11000,10.4,19.4,1.2,1.2,4.6
12,2013,127,10800,10.1,22.5,1.3,0.9,0.1
12,2013,128,20200,13.7,24.2,1.2,1.2,0
12,2013,129,27900,12.1,28.6,1.6,1.1,0
12,2013,130,28200,12.6,29.9,1.5,1,0
12,2013,131,27800,14.9,32.3,1.8,0.9,0
12,2013,132,28700,16.3,31.9,1.6,1.2,0
12,2013,133,29300,13.5,32.8,1.7,1,0
12,2013,134,29300,13.1,33.1,1.7,1.2,0
12,2013,135,25100,14.9,25.7,1.4,2,0
12,2013,136,18500,14.9,22.6,1.4,2.1,0
12,2013,137,29200,11.7,23.9,1.2,1.7,0
12,2013,138,29700,9,27.3,1.2,1.5,0
12,2013,139,30700,13.8,27.9,1,2.6,0
12,2013,140,30700,12.1,32.6,1.2,1.6,0
12,2013,141,30500,10.7,25.5,1,2.8,0
12,2013,142,30900,8.1,22.1,0.6,3,0
12,2013,143,29700,5.7,22.7,0.9,1.1,0
12,2013,144,30700,5.7,25,1.1,1.2,0
12,2013,145,30500,8.5,25.1,1.2,1.6,0
12,2013,146,29700,11.7,24.7,1.3,1.8,0
12,2013,147,11800,13.1,18.9,1.3,2.1,2.3
12,2013,148,26200,13.9,25,1.4,1.5,0.1
12,2013,149,28600,13.4,27.2,1.4,1.7,0
12,2013,150,31300,9.4,29.9,1.1,0.9,0
12,2013,151,31100,9.6,32.6,1,2.5,0
12,2013,152,29400,17,36.7,1.4,1.7,0
12,2013,153,31100,13.1,33,1.6,0.9,0
12,2013,154,31400,14,37,1.7,1.5,0
12,2013,155,31100,15,29.6,1.7,1.7,0
12,2013,156,31200,14.4,29.5,1.8,1.4,0
12,2013,157,30800,14.5,31.7,1.8,1,0
12,2013,158,31400,16.9,40.1,1.5,0.9,0
12,2013,159,30900,19.3,39.6,2,1.6,0
12,2013,160,30600,17.8,29.3,1.8,2.3,0
12,2013,161,10000,14.1,22.1,1.2,1.4,5.7
12,2013,162,31100,12.1,27.5,1.3,1.1,0.1
12,2013,163,31900,12.3,29.7,1.3,1.5,0
12,2013,164,32200,11.1,29.5,1.2,1.5,0
12,2013,165,31500,14.6,32.1,1.1,2.1,0
12,2013,166,32100,11.1,28.5,1.3,1.2,0
12,2013,167,31700,12.6,30.8,1.6,1.2,0
12,2013,168,31600,14.3,30,1.5,1.9,0
12,2013,169,28000,14,24.9,1.4,2.3,0
12,2013,170,30700,11.2,25.5,1.2,1.2,0
12,2013,171,31500,9.5,28,1.2,1.2,0
12,2013,172,32100,10.9,31.2,1.2,1.4,0
12,2013,173,31300,12.4,32.6,1.5,1.5,0
12,2013,174,22300,16.5,24.6,1.7,2.3,0
12,2013,175,11200,15.8,20.9,1.3,2.5,2.6
12,2013,176,7600,16.2,23.9,1,2.7,7.1
12,2013,177,29200,18.6,29.4,1.6,1.8,0
12,2013,178,31200,17.7,34.4,1.3,0.9,0
12,2013,179,31000,22.6,36.7,2.4,1.4,0
12,2013,180,31500,19.3,40.2,1.2,0.9,0
12,2013,181,31300,17.6,37.8,2,0.9,0
12,2013,182,30500,18.8,38.5,1.7,0.8,0
12,2013,183,29900,21.4,36.3,2.6,1.4,0
12,2013,184,30100,20,38.8,2.4,1.3,0
12,2013,185,30200,21.3,40.9,2.1,1.7,0
12,2013,186,31300,19.3,30.3,1.9,1.4,0
12,2013,187,31600,15.9,30.8,1.3,1.1,0
12,2013,188,31500,14.4,32.4,1.5,1,0
12,2013,189,31900,13.4,32.8,1.5,1,0
12,2013,190,31700,12.8,35.7,1.3,0.9,0
12,2013,191,31200,15,34.3,1.4,1.5,0
12,2013,192,31500,0,31.1,1.7,1.5,0
12,2013,193,31400,12.9,30.4,1.6,1.2,0
12,2013,194,31400,13.4,32.3,1.3,1,0
12,2013,195,31000,13,34.2,1.5,1,0
12,2013,196,29800,14.5,30.5,1.5,1.4,0
12,2013,197,31000,12.3,27.3,1.1,1.5,0
12,2013,198,31400,11.2,30.9,1.3,1,0
12,2013,199,31200,16.5,33.6,1.9,1.1,0
12,2013,200,30500,13.9,34.2,1.9,1.1,0
12,2013,201,30200,16.6,34.8,2.4,0.9,0
12,2013,202,30200,17.2,34,2.1,1.3,0
12,2013,203,28700,15.9,31.6,1.8,1.5,0
12,2013,204,28000,17.7,31.8,1.8,1.4,0
12,2013,205,28500,17.3,34.4,2,1,0
12,2013,206,28800,18.6,35.1,2.3,1.3,0
12,2013,207,29200,19.3,33.4,2.1,1.3,0
12,2013,208,29500,17.1,32.4,2.1,1.4,0
12,2013,209,29700,15.5,31.1,2,1.3,0
12,2013,210,28800,13.4,27.5,1.6,1.6,0
12,2013,211,29000,12.3,30.4,1.8,1,0
12,2013,212,28700,15.1,30.6,1.8,1.6,0
12,2013,213,29700,11.8,29.1,2.3,1.3,0
12,2013,214,29300,12.2,31.5,2.3,1,0
12,2013,215,29400,12.3,32.3,1.3,1,0
12,2013,216,29000,12.9,31,1.5,1.1,0
12,2013,217,29400,11.8,30.4,1.7,1.1,0
12,2013,218,27800,11.4,30,1.7,1.3,0
12,2013,219,28400,13.3,26.8,1.6,1.6,0
12,2013,220,28100,11.9,28.1,1.7,1.2,0
12,2013,221,27600,12.5,28.7,1.6,1.3,0
12,2013,222,28000,12.8,28.6,1.7,1.1,0
12,2013,223,27800,13.3,30.4,1.8,1.1,0
12,2013,224,27200,13.3,30.7,1.7,1,0
12,2013,225,28200,12.6,33.1,1.7,1,0
12,2013,226,28000,18.2,33.4,2,1.2,0
12,2013,227,27700,13.2,33,1.9,1.1,0
12,2013,228,26900,15.2,33.7,1.3,1,0
12,2013,229,24900,15.2,33.6,1.4,0.9,0
12,2013,230,26000,16.5,33.2,1.6,1.1,0
12,2013,231,12000,18.8,31.9,1.8,0.9,0
12,2013,232,24900,0,34.7,2.8,1.1,0
12,2013,233,25500,18,31,2.3,1.4,0
12,2013,234,25500,15.6,31.4,2.2,1.2,0
12,2013,235,26400,12.5,30.2,2,1.1,0
12,2013,236,25600,13.9,29.9,2,1.7,0
12,2013,237,24000,16.4,29.7,2.1,1.9,0
12,2013,238,25800,14.3,29.2,1.9,1.3,0
12,2013,239,25500,11.5,32,1.7,1.3,0
12,2013,240,25000,14.2,31.8,1.9,1.3,0
12,2013,241,25200,17.4,32.5,2.1,1.5,0
12,2013,242,25200,14.3,33.5,2.5,0.9,0
12,2013,243,24900,13.7,33.1,2,1.3,0
12,2013,244,17100,17.3,27.4,1.9,1.3,0
12,2013,245,15600,17.3,28.3,2.1,1.8,0
12,2013,246,23200,14.5,29.5,1.9,1.2,0
12,2013,247,24200,12.3,29.5,1.9,1.2,0
12,2013,248,24300,13.1,29.2,1.8,1.4,0
12,2013,249,24700,11.7,34,1.5,1.5,0
12,2013,250,24400,11,34.2,1.7,0.9,0
12,2013,251,23900,12.8,36.6,1.8,0.9,0
12,2013,252,23500,14.3,39.2,1.9,1,0.1
12,2013,253,23100,14.2,32.7,2.1,1.3,0
12,2013,254,19900,14.1,27.8,2,1.2,0
12,2013,255,21900,13.6,30,2.1,0.9,0
12,2013,256,21900,15.3,31.3,2.2,1,0
12,2013,257,22200,14.9,31.7,2.2,1.2,0
12,2013,258,22700,14,30.1,1.7,1.6,0
12,2013,259,22300,12.1,29.6,1.8,1.1,0
12,2013,260,21100,14.8,27.3,1.7,1.8,0
12,2013,261,22600,10.7,30,1.1,2.2,0
12,2013,262,22200,7.8,29.6,1.4,0.9,0.2
12,2013,263,21400,9.6,28.7,1.5,2,0
12,2013,264,4000,13.1,18.8,1.7,1.9,22
12,2013,265,19900,9.7,24.2,1.5,0.9,0.2
12,2013,266,20700,10.2,28.9,1.7,1,0.1
12,2013,267,19300,15.6,25.9,1.7,1.7,2.3
12,2013,268,19300,8.7,22.8,1,2,0
12,2013,269,19700,9.8,23.6,0.9,2.5,0
12,2013,270,20200,0,26,1.1,1,0
12,2013,271,17000,8,26.9,1.1,1.5,0
12,2013,272,8100,15.8,23.4,1.7,2.7,0
12,2013,273,11300,13.2,25.8,1.9,2.5,0
12,2013,274,19200,9.9,26.3,1.6,1,0
12,2013,275,19500,9.3,26.5,1.1,1.6,0
12,2013,276,19400,12.5,23.5,0.7,3.4,0
12,2013,277,19600,12.1,26.3,0.6,3,0
12,2013,278,19400,7.8,22.9,1.1,1.1,0
12,2013,279,17200,5.6,28.5,1.1,0.8,0
12,2013,280,16100,5.5,27.4,1.1,0.8,0
12,2013,281,14300,11.3,25.2,0.9,2.2,0
12,2013,282,16700,10.7,23.1,0.8,3.2,0
12,2013,283,17500,10,22.3,1.1,1.4,0
12,2013,284,17600,5.5,24.6,1.1,0.8,0
12,2013,285,17100,5.3,24.6,1.2,1,0
12,2013,286,17100,10,23.7,1,2.1,0
12,2013,287,17300,8.8,25.2,0.9,1.8,0
12,2013,288,17600,8,26.5,0.8,2.1,0
12,2013,289,15600,2.8,27,0.9,0.9,0
12,2013,290,16800,4.7,27.4,1,0.9,0
12,2013,291,16700,4.6,28.3,1,1,0
12,2013,292,16500,5.4,29.5,1,0.8,0
12,2013,293,16200,5.6,29.6,1.1,0.8,0
12,2013,294,15500,4.7,28.6,1.1,0.8,0
12,2013,295,15900,8,31.3,1.2,0.8,0
12,2013,296,15700,5.5,30.4,1,0.8,0
12,2013,297,15700,4.3,25.7,1.1,0.8,0
12,2013,298,15000,4.4,24.8,1.2,0.7,12.9
12,2013,299,-99000,4.3,26.2,1.1,0.7,0.1
12,2013,300,14700,4,21.9,1.1,1.6,0.5
12,2013,301,5800,4.5,15.5,1.1,1.4,0.2
12,2013,302,6300,6.3,17.9,1.2,0.8,0
12,2013,303,13500,2,20.8,1,0.7,0
12,2013,304,14000,3.2,21.9,1,0.9,0.1
12,2013,305,14000,3.7,24.7,1.1,0.7,0.1
12,2013,306,11500,3.9,22.8,0.9,1.6,0.1
12,2013,307,10200,9.6,18.3,0.5,4.8,0
12,2013,308,13600,7.3,20.3,0.6,3,0
12,2013,309,12800,6.8,23.5,0.8,1.6,0
12,2013,310,11000,4.9,21.8,1,0.8,10.2
12,2013,311,12500,6.8,23.3,1.1,0.8,0
12,2013,312,12300,4.1,23.8,1,0.7,0
12,2013,313,12300,4.2,23.5,1,0.9,0
12,2013,314,12300,4.1,22.9,1,0.8,0
12,2013,315,11300,2.4,22.2,0.9,0.8,0.1
12,2013,316,6700,6.3,22.5,1.1,0.9,0
12,2013,317,12000,2.7,27.3,1,1.2,0
12,2013,318,11700,5.6,21.8,1.1,0.9,0
12,2013,319,10900,3.9,19.9,0.7,2.6,0
12,2013,320,11100,3.9,17.9,0.9,1.2,0
12,2013,321,11100,0.6,18.9,0.8,0.8,0
12,2013,322,8000,1.1,16.1,1,1,0.4
12,2013,323,3700,10.1,13.5,1.3,1.7,23
12,2013,324,2300,10.4,13.4,1.5,1.6,3.3
12,2013,325,11000,7.7,18.4,0.6,2.8,0
12,2013,326,11400,7.7,22.6,0.3,2.8,0
12,2013,327,11000,2.8,21.8,0.6,2.1,0
12,2013,328,11000,0.3,16.3,0.8,0.9,0
12,2013,329,10600,-1.4,18.1,0.7,0.8,0.1
12,2013,330,9300,1.4,18.9,0.8,0.8,0
12,2013,331,7100,2,18.6,0.9,0.8,0.1
12,2013,332,9400,3.5,21.7,0.9,0.9,0
12,2013,333,10100,1.8,21.3,0.9,0.9,0
12,2013,334,9900,3.7,20.7,0.9,0.8,0
