* Location: Durham Year: 2012
*                                                             *
* Column          Daily Value                                 *
*    1            Station Number                              *
*    2            Year                                        *
*    3            Day                                         *
*    4            Irradiance            KJ m-2 d-1            *
*    5            Minimum Temperature           °C            *
*    6            Maximum Temperature           °C            *
*    7            Vapor Pressure               kPa            *
*    8            Mean Wind Speed            m s-1            *
*    9            Precipitation             mm d-1            *
*-------------------------------------------------------------*   
-122.02,39.23,16.764,0,0
32,2012,61,13400,5.1,16.7,0.9,3.2,0.1
32,2012,62,16700,3.8,17.7,0.6,4.3,0
32,2012,63,17100,0.6,20.7,0.8,1.1,0
32,2012,64,17500,2.3,24.1,0.9,1.1,0
32,2012,65,17700,2.2,23.3,0.9,2.3,0
32,2012,66,18100,4.6,13.9,0.5,5.9,0
32,2012,67,18600,3.9,17.8,0.4,4.8,0
32,2012,68,18700,2.1,19.8,0.6,1.4,0
32,2012,69,18800,0.4,21.8,0.7,1.5,0
32,2012,70,17200,6.4,20.6,0.9,3,0
32,2012,71,14200,6.3,16.3,0.9,3.7,0.3
32,2012,72,14200,3.8,16.8,0.8,3.8,0
32,2012,73,6900,10.3,12.9,1.2,5.7,3.9
32,2012,74,7500,11.5,14.4,1.4,4.4,5.3
32,2012,75,9300,12.6,18.2,1.4,3.9,1.8
32,2012,76,8100,7.9,15.4,1.2,4.3,2.7
32,2012,77,17000,3.5,13.7,0.8,2.6,0
32,2012,78,15400,2.1,12.4,0.8,2.2,0.2
32,2012,79,12000,0,11.7,0.7,1,0
32,2012,80,11700,6.9,15.7,1,1.1,0
32,2012,81,11800,7.6,20.6,1.1,2.4,0
32,2012,82,19000,5.5,18.7,0.9,3.3,0
32,2012,83,18200,3.5,15,0.7,2.5,0
32,2012,84,7600,6,10.3,0.9,2,19.7
32,2012,85,13600,5.6,13.4,1,1.7,13.7
32,2012,86,11200,3.5,14.9,0.9,2.8,0.1
32,2012,87,4400,8.3,11.8,1.1,4.2,13.4
32,2012,88,19500,10.6,18.4,1.1,3.4,0.3
32,2012,89,6400,0,15.3,1.3,2.8,0.1
32,2012,90,12200,11.6,20.1,1.4,3.5,0
32,2012,91,12900,7.9,14.8,1.1,4.6,4.7
32,2012,92,22000,1.9,17,0.8,1.5,0
32,2012,93,19400,5.3,20.3,0.9,2.5,0
32,2012,94,17500,7.1,20.1,1,3.5,0
32,2012,95,20700,1.8,16.7,0.7,2,0
32,2012,96,21900,-0.7,14.9,0.6,1.7,0
32,2012,97,23800,-0.9,17.6,0.7,1.1,0
32,2012,98,18800,2.3,19.3,0.8,1.2,0
32,2012,99,20100,2.2,21.1,0.8,1.6,0
32,2012,100,18000,4.8,21,0.8,1.3,0
32,2012,101,6900,10.1,14.6,1.2,2.1,11.5
32,2012,102,16000,9.5,16.1,1.1,3.5,0.8
32,2012,103,17500,7.9,16,1,4,15.9
32,2012,104,14400,7,13.5,1,2,5.3
32,2012,105,24400,3.7,20.8,1.1,1.5,0.1
32,2012,106,24300,5.1,21.3,1.2,1.6,0
32,2012,107,20300,9.8,21.8,1.1,2.5,0
32,2012,108,17400,0,21.8,1.4,2.3,0
32,2012,109,19300,10.8,23.4,1.3,1.7,0
32,2012,110,23700,11.9,26.7,1.6,1.8,0
32,2012,111,25200,16.2,33.2,1.7,2.2,0
32,2012,112,25500,12.8,33.4,1.7,1.3,0
32,2012,113,25300,14.2,32.3,1.8,1.4,0
32,2012,114,25300,13.3,26.5,1.5,2.8,0
32,2012,115,21900,12.2,23.7,1.4,1.8,0
32,2012,116,9900,14.4,21.4,1.6,2.1,4.4
32,2012,117,24600,7.7,19.4,1.1,3.4,0.1
32,2012,118,25000,6.6,22.3,0.8,2.4,0
32,2012,119,26600,7.1,27.7,1,2.7,0
32,2012,120,26900,15.1,30.8,1.1,2.5,0
32,2012,121,20100,12.1,29.9,1.4,2.3,0
32,2012,122,27000,10.8,26,1,2.4,0
32,2012,123,24900,7.7,23,1.1,2.4,0
32,2012,124,17300,10.9,20.7,1.2,3.9,0
32,2012,125,23800,10,21.9,1.1,2,0
32,2012,126,28000,11.4,24.6,0.7,5.6,0
32,2012,127,27500,14.8,28.5,0.8,4.7,0
32,2012,128,28200,13,31.4,0.8,2.7,0
32,2012,129,27400,7.6,32.6,1,1.4,0
32,2012,130,27800,11.8,31.8,1.2,1.7,0
32,2012,131,28200,16.9,29.2,0.6,5.3,0
32,2012,132,28800,10.4,32.3,0.9,2.2,0
32,2012,133,28400,9.9,35.8,1.2,1.2,0
32,2012,134,22300,11.6,28.5,1.5,2.2,0
32,2012,135,28100,11,24.2,1.2,2.1,0
32,2012,136,27900,12.3,27.8,1.4,1.7,0
32,2012,137,27900,12.4,29.8,1.5,2.3,0
32,2012,138,23100,13,25.8,1.4,2,0
32,2012,139,28900,9.2,29.2,0.9,2.3,0
32,2012,140,28300,9.6,30,1.1,1.5,0
32,2012,141,27800,12.9,33.3,1.4,1.9,0
32,2012,142,25800,15.4,30.4,1.4,3.5,0
32,2012,143,27800,14.4,27.7,1.4,2,0
32,2012,144,29000,9,27.2,1,2.2,0
32,2012,145,29400,0,25.6,0.8,3,0
32,2012,146,21400,9.7,20.9,0.9,2.2,0
32,2012,147,19200,8,23.1,1.2,2,0
32,2012,148,25700,9.7,24.3,1.2,1.9,0
32,2012,149,28900,12.1,24.8,1.2,2.6,0
32,2012,150,29600,8.8,28.4,1.2,1.5,0
32,2012,151,29400,11,32.3,1.4,1.3,0
32,2012,152,28900,14.1,34.9,1.7,1.2,0
32,2012,153,28900,16.4,36.1,1.9,1.5,0
32,2012,154,26000,18,31.9,1.6,2.6,0
32,2012,155,27500,14.7,31.4,1.4,2.9,0
32,2012,156,16300,12.3,21.8,1.3,3.5,2.9
32,2012,157,24300,8.2,21.3,1,1.8,0
32,2012,158,29800,10.4,27.4,1,2.6,0
32,2012,159,25700,12.2,29.1,1.3,2,0
32,2012,160,30600,15.2,27.8,1.1,2,0
32,2012,161,30300,11.8,25.8,0.7,5.6,0
32,2012,162,30200,17.2,31.7,0.9,4.3,0
32,2012,163,29700,13.1,34.4,1.2,1.3,0
32,2012,164,28900,14.7,34.6,1.6,1.6,0
32,2012,165,29800,16.6,34.9,1.6,2,0
32,2012,166,30000,16.8,35.9,1.5,1.8,0
32,2012,167,29400,16.8,35.3,1.3,3.4,0
32,2012,168,28500,20.5,38.6,1.7,2.4,0
32,2012,169,29200,17.8,37.9,1.7,2.5,0
32,2012,170,30000,15.6,30.5,1.6,2.5,0
32,2012,171,30500,11.8,32.8,1.2,2.1,0
32,2012,172,30000,0,35.2,1.1,2.4,0
32,2012,173,29600,13.3,26.1,1.4,3.6,0
32,2012,174,10900,11.4,22.5,1.3,2.8,0
32,2012,175,26500,11.6,24.3,1.1,2.7,0
32,2012,176,29800,10.8,24.1,1,2.5,0
32,2012,177,25100,11.2,24.3,1.1,3.5,0
32,2012,178,29800,8.7,26.6,1.2,1.7,0
32,2012,179,30000,9.6,30.3,1.2,1.8,0
32,2012,180,29600,14.7,30.6,1.4,2.6,0
32,2012,181,28700,14.5,29.2,1.6,2.6,0
32,2012,182,23900,15.5,31.1,1.8,2.5,0
32,2012,183,28000,16.8,30.8,1.8,2.2,0
32,2012,184,29300,16.1,33.1,1.9,2.4,0
32,2012,185,29600,14.6,34.4,1.6,1.8,0
32,2012,186,30000,15.4,32.9,1.8,2.1,0
32,2012,187,29800,14.3,29.7,1.5,3.1,0
32,2012,188,29900,11.1,32.7,1.4,1.8,0
32,2012,189,30100,14.5,36,1.6,1.5,0
32,2012,190,29800,14.4,35.3,1.5,1.9,0
32,2012,191,30200,16.7,34.7,1.6,2,0
32,2012,192,29800,14.8,37.2,1.7,1.2,0
32,2012,193,29600,17.3,38.2,2,1.2,0
32,2012,194,29500,0,38.2,1.9,2.3,0
32,2012,195,29200,14.9,31.5,1.7,2.9,0
32,2012,196,28800,11.4,29.8,1.6,1.5,0
32,2012,197,28800,15.2,33.5,1.8,2.3,0
32,2012,198,28700,13.9,27.9,1.5,4.1,0
32,2012,199,16500,13,23.7,1.5,2,0
32,2012,200,25400,11.7,27.6,1.5,1.7,0
32,2012,201,27500,13.3,28.8,1.5,2.1,0
32,2012,202,28900,14.3,32.6,1.6,1.9,0
32,2012,203,28800,14.8,36.8,1.7,1.6,0
32,2012,204,28700,16.1,39.2,1.7,1.7,0
32,2012,205,26900,19.2,32.5,1.8,2.5,0
32,2012,206,28500,16.7,32.7,1.5,2.2,0
32,2012,207,28300,12.6,32.6,1.5,2,0
32,2012,208,28200,14.2,31.4,1.6,2.3,0
32,2012,209,28300,13.4,30.5,1.6,2.4,0
32,2012,210,28100,13.2,31.9,1.6,2,0
32,2012,211,28400,14.9,32.6,1.6,2,0
32,2012,212,28000,15.3,35.5,1.8,1.4,0
32,2012,213,28300,17.2,35.4,1.7,1.7,0
32,2012,214,28300,15.7,35.5,1.6,1.7,0
32,2012,215,28200,15.4,36,1.7,1.5,0
32,2012,216,27500,15.6,35.2,1.7,1.8,0
32,2012,217,22600,14.9,29.4,1.7,2.7,0
32,2012,218,26900,15.8,31.9,1.8,2.7,0
32,2012,219,27600,14.1,33,1.6,2.1,0
32,2012,220,27500,13.7,35.3,1.6,1.5,0
32,2012,221,27100,12.5,36.6,1.6,1.3,0
32,2012,222,27300,15.4,37.4,1.7,1.5,0
32,2012,223,27400,15.8,38,1.7,1.5,0
32,2012,224,27000,15.9,40.2,1.8,1.4,0
32,2012,225,26400,16.3,36.6,1.7,1.6,0
32,2012,226,25100,17.3,40.1,1.7,1.5,0
32,2012,227,24000,19.6,36,1.9,2.2,0
32,2012,228,24000,21.2,34.4,1.7,1.6,0
32,2012,229,25800,17.5,36,1.7,2.1,0
32,2012,230,25200,16.1,33.9,1.7,2,0
32,2012,231,25100,18.5,34.2,1.7,2.2,0
32,2012,232,25700,16,33.3,1.7,1.7,0
32,2012,233,25300,14.5,33.2,1.7,2,0
32,2012,234,25300,12.9,32.6,1.7,2,0
32,2012,235,25000,13.3,33.8,1.6,2.1,0
32,2012,236,25200,13.8,31.6,1.7,1.9,0
32,2012,237,25500,11.9,34,1.5,1.8,0
32,2012,238,25200,11,31.1,1.5,2.6,0
32,2012,239,24600,13,27.6,1.4,3.4,0
32,2012,240,24300,10.9,30.9,1.4,1.5,0
32,2012,241,24800,11.3,32.5,1.5,1.5,0
32,2012,242,24700,11.2,34.5,1.5,1.3,0
32,2012,243,24600,11.3,33.5,1.3,1.9,0
32,2012,244,24300,12.5,26,1.5,3.2,0
32,2012,245,24000,9.7,27.9,1.4,1.2,0
32,2012,246,24200,9.2,31.7,1.3,1.2,0
32,2012,247,24000,11.5,33.4,1.4,1.3,0
32,2012,248,23900,11.5,34,1.4,1.3,0
32,2012,249,19900,11.1,31.2,1.4,1.6,0
32,2012,250,22900,12.6,31.1,1.3,1.7,0
32,2012,251,22400,9.6,33.5,1.4,1.1,0
32,2012,252,22000,15.1,32.6,1.4,2.2,0
32,2012,253,23100,14.4,31,1.3,2.4,0
32,2012,254,22800,9.7,33.7,1.3,1.4,0
32,2012,255,22700,10.2,33,1.4,1.1,0
32,2012,256,21900,11.9,33.8,1.6,1.1,0
32,2012,257,20100,13,35.2,1.8,1.1,0
32,2012,258,20800,14.2,32.1,1.7,1.7,0
32,2012,259,21900,13,32.3,1.4,1.7,0
32,2012,260,21600,10.6,32.3,1.2,1.5,0
32,2012,261,21500,11.3,32.5,1.3,1.8,0
32,2012,262,21200,10.5,32.2,1.4,1.7,0
32,2012,263,21000,9.9,30.1,1.4,1.6,0
32,2012,264,20500,9.3,31.4,1.4,1.5,0
32,2012,265,20500,14.6,31.3,1.4,1.7,0
32,2012,266,20200,10,33.3,1.3,1.2,0
32,2012,267,19200,14,31.6,1.3,2.2,0
32,2012,268,20000,10.7,30.9,1.2,1.6,0
32,2012,269,19700,11.2,33.5,1.4,1.5,0
32,2012,270,19500,12.3,31.5,1.5,1.1,0
32,2012,271,18900,11.7,33.9,1.6,1.1,0
32,2012,272,18800,12.8,35.7,1.6,1.3,0
32,2012,273,18900,11.7,35.5,1.6,1,0
32,2012,274,19000,11.5,34.7,1.4,1.2,0
32,2012,275,18800,10.9,35.9,1.4,0.9,0
32,2012,276,18400,11.8,34.7,1.4,1.2,0
32,2012,277,18300,11.9,33.8,1.4,1.5,0
32,2012,278,17700,14.9,26.5,1.5,2.6,0
32,2012,279,17200,13.1,24.4,1.4,1.8,0
32,2012,280,16700,9.7,24.1,1.4,1.2,0
32,2012,281,17400,8.3,26.1,1.3,1.6,0
32,2012,282,16100,11.5,23.8,1.2,2.1,0
32,2012,283,16000,8,24.5,1.3,1.3,0
32,2012,284,16600,8.8,26.6,1.2,1.6,0
32,2012,285,16200,10.5,22.4,1.3,2.6,0
32,2012,286,11100,6.9,17.8,1.2,1.1,0
32,2012,287,15400,6.9,25.8,1.3,1.2,0
32,2012,288,15800,10.7,26.3,1.5,1.1,0
32,2012,289,15200,10.6,28.4,1.6,1.1,0
32,2012,290,15300,14.8,30.2,1.6,2,0
32,2012,291,15900,11.8,30.9,0.7,3.9,0
32,2012,292,15700,8.4,31,1.1,1.6,0
32,2012,293,15100,8.7,27.1,1.4,1.3,0
32,2012,294,14900,9.5,24.8,1.4,1.3,0
32,2012,295,14500,8.7,19.8,1.1,2,0
32,2012,296,10900,9.9,17.8,1.1,3.9,13.1
32,2012,297,11200,8.6,16.5,1,2.2,0.2
32,2012,298,9000,9,17.9,1.2,2.6,0.4
32,2012,299,13700,7,18.9,1,2.6,0
32,2012,300,13600,6.5,23.8,0.9,1.9,0
32,2012,301,13300,8.1,27.5,1.3,1.7,0
32,2012,302,13500,9.7,25.6,1.4,0.9,0
32,2012,303,13500,8.8,25.7,1.4,0.9,0
32,2012,304,12800,7.5,24,1.4,1.3,0.1
32,2012,305,3300,11.8,17.4,1.5,2.7,7.9
