* Location: Durham Year: 2013
*                                                             *
* Column          Daily Value                                 *
*    1            Station Number                              *
*    2            Year                                        *
*    3            Day                                         *
*    4            Irradiance            KJ m-2 d-1            *
*    5            Minimum Temperature           °C            *
*    6            Maximum Temperature           °C            *
*    7            Vapor Pressure               kPa            *
*    8            Mean Wind Speed            m s-1            *
*    9            Precipitation             mm d-1            *
*-------------------------------------------------------------*   
-122.02,39.23,16.764,0,0
32,2013,60,17400,2.8,23.8,1,1.3,0
32,2013,61,10500,6,20.5,1.2,1,0
32,2013,62,13000,8.1,19.5,1.3,1.4,3.4
32,2013,63,16100,4.5,19.3,1.1,1.9,0.1
32,2013,64,13600,6.8,17.1,0.9,4.3,1.3
32,2013,65,13800,2.4,14.5,0.9,4,2.9
32,2013,66,16200,0.5,15,0.8,1.4,0
32,2013,67,18900,1.7,19.4,0.7,2.3,0
32,2013,68,19500,0.3,20.5,0.7,2.6,0
32,2013,69,19400,0.8,21.5,0.7,1.7,0
32,2013,70,19200,2.2,24.7,0.9,1.2,0
32,2013,71,19500,4.2,25.5,1.1,0.9,0
32,2013,72,19400,5.8,26.6,1.2,1.1,0
32,2013,73,15100,7.4,25.2,1.3,1,0
32,2013,74,18700,8.2,25,1.2,1.2,0
32,2013,75,19400,6.8,24.9,1,1.3,0
32,2013,76,21000,4.6,21,0.8,1.7,0
32,2013,77,15100,2.5,21.9,0.9,1.4,0
32,2013,78,4800,7.5,18.1,1.2,2.1,5.9
32,2013,79,13300,7.8,18.4,1.3,4.1,2.6
32,2013,80,22000,5.9,18.1,0.7,3.9,0
32,2013,81,22800,5.1,17.4,0.5,4.3,0
32,2013,82,22000,5.2,22,0.5,3,0
32,2013,83,22100,2.4,22.1,0.8,1.2,0
32,2013,84,16800,4.4,21,1,2.1,0
32,2013,85,20200,7.8,20.5,1.1,1.6,0
32,2013,86,17700,8.7,22,1.2,2.7,0
32,2013,87,12600,6.8,19.1,1.2,2.1,0.4
32,2013,88,22500,4.8,26,1.2,1.3,0.1
32,2013,89,18300,7.4,25.1,1.2,1.5,0.3
32,2013,90,12800,9.5,19.7,1.4,2.4,11.1
32,2013,91,16200,9.2,20.3,1.4,1.3,0.1
32,2013,92,22600,6.9,23.6,1.3,1.3,0
32,2013,93,21100,8.6,24,1.4,1.2,0
32,2013,94,12000,11.7,19,1.5,3.4,14.1
32,2013,95,17100,10.7,20.7,1.3,2.3,0
32,2013,96,20100,11,21,1.3,3,0.1
32,2013,97,17200,10.8,21.2,1.1,4.1,0
32,2013,98,25400,8.6,19.6,0.7,6,0
32,2013,99,25100,9.2,23.2,0.7,4.7,0
32,2013,100,24200,7.5,29.9,1.2,1.7,0
32,2013,101,24500,9,24.4,0.8,3.9,0
32,2013,102,25500,5.7,27.9,1,1.5,0
32,2013,103,25300,7.4,25.2,1.1,1.7,0
32,2013,104,22600,5.9,24.4,0.8,2,0
32,2013,105,22100,3,17.6,0.8,2.4,0.2
32,2013,106,25700,7.2,19.2,0.5,4.8,0
32,2013,107,26900,6.2,20.8,0.6,3.7,0
32,2013,108,26400,5.6,26,0.8,2.4,0
32,2013,109,26200,13.1,24.8,1.1,1.6,0
32,2013,110,27100,11,25.9,1,0.8,0
32,2013,111,27100,14.8,28.5,1.3,0.9,0
32,2013,112,27700,18.9,20.8,0.6,5.6,0
32,2013,113,28300,9.7,12.6,1,0.6,0
32,2013,114,28200,11.7,26.9,0.9,1.7,0
32,2013,115,27900,0,25.8,1.3,2.6,0
32,2013,116,27900,8.1,27.8,1.4,1.7,0
32,2013,117,27900,9.7,30.2,1.5,1.4,0
32,2013,118,27100,11.7,32.2,1.4,1.5,0
32,2013,119,27700,12.2,30.8,1.2,2.9,0
32,2013,120,28400,16.8,26.5,0.6,7.6,0
32,2013,121,29000,14.6,29.1,0.6,6.1,0
32,2013,122,29200,12.7,31.6,1,1.3,0
32,2013,123,29000,9.6,34.3,1.1,2,0
32,2013,124,28500,13.5,30.1,0.9,4.1,0
32,2013,125,17600,11.4,22.4,1.2,1.9,0
32,2013,126,7600,12.6,18.9,1.5,1.6,5.2
32,2013,127,9900,11.6,21.8,1.6,1.1,0
32,2013,128,16700,14.9,24.2,1.6,1.5,0.1
32,2013,129,27200,12.1,28,1.6,1.9,0
32,2013,130,28300,11.9,30.3,1.8,1.8,0
32,2013,131,26100,14.3,31.6,1.9,1.7,0
32,2013,132,28500,16.2,32.4,1.6,2.1,0
32,2013,133,29000,15.6,31.6,1.5,1.8,0
32,2013,134,29100,14.3,34.2,1.5,2.2,0
32,2013,135,27300,13.6,26.5,1.4,2.4,0
32,2013,136,20400,14.1,24.1,1.4,2.5,0
32,2013,137,29700,11.1,24.1,1.2,2.1,0
32,2013,138,28600,10.7,27.2,1.2,1.5,0
32,2013,139,30600,12.9,29,0.9,3.8,0
32,2013,140,30500,14.2,30.8,1.1,2.7,0
32,2013,141,30500,12.4,27.5,1,3.1,0
32,2013,142,30600,8.3,22.2,0.6,3.3,0
32,2013,143,29700,6.6,23.1,1,1.4,0
32,2013,144,30700,8.2,25.3,1.1,1.8,0
32,2013,145,29700,10.4,25.1,1.2,2.1,0
32,2013,146,29700,11.7,25.2,1.3,2.2,0
32,2013,147,15800,12.7,20.6,1.4,3,0.5
32,2013,148,27300,13.9,25.6,1.6,1.9,0
32,2013,149,30200,15,27,1.3,1.8,0
32,2013,150,31400,12,28.3,1.1,1.7,0
32,2013,151,31200,11.3,33.3,1.1,2.9,0
32,2013,152,30100,13,35.7,1.4,1.9,0
32,2013,153,30900,14.1,34.9,1.6,1.6,0
32,2013,154,31500,15.5,37.1,1.6,2.2,0
32,2013,155,30700,14.7,30.5,1.7,2.5,0
32,2013,156,31200,13.4,30.6,1.7,2.1,0
32,2013,157,31000,14.5,33.2,1.9,1.8,0
32,2013,158,31400,16.1,40.4,2.2,1.2,0
32,2013,159,31000,19.7,41.8,2.1,2.5,0
32,2013,160,29800,16.7,29.8,1.8,3.3,0
32,2013,161,11400,14.4,21.9,1.6,2.1,1
32,2013,162,31000,12.1,27.9,1.7,1.4,0
32,2013,163,31800,13.4,30.1,1.4,1.8,0
32,2013,164,32100,11.6,29,1.1,2.1,0
32,2013,165,31800,15,31.2,1,3.4,0
32,2013,166,31600,12,31.1,1.4,2,0
32,2013,167,31600,12.4,32.1,1.4,1.8,0
32,2013,168,31200,15,30.9,1.4,2.7,0
32,2013,169,31200,13.7,26.4,1.3,2.3,0
32,2013,170,30700,9,26,1.1,1.4,0
32,2013,171,31500,10.9,29.1,1.2,1.5,0
32,2013,172,32200,11.6,31.5,1.2,2,0
32,2013,173,31100,13.3,33.3,1.3,1.9,0
32,2013,174,17200,16.6,27.2,1.7,3.2,0
32,2013,175,12200,16.2,19.8,1.7,3,0.7
32,2013,176,14600,16.3,26.2,2,3.9,1.7
32,2013,177,26600,17.7,30.9,2,2.6,0
32,2013,178,31100,20.4,34.3,2.2,1.2,0
32,2013,179,31100,18.2,39,2.3,1.7,0
32,2013,180,31400,20,40.1,2.2,1.4,0
32,2013,181,31600,19.1,39.3,2.2,1.5,0
32,2013,182,30500,19.9,39.9,2.3,1.4,0
32,2013,183,29300,23.5,37.4,2.5,1.9,0
32,2013,184,29200,20.9,39.9,2.4,1.5,0
32,2013,185,30600,22.6,41.6,1.9,2.8,0
32,2013,186,31300,18.9,30.4,1.7,2.5,0
32,2013,187,31300,14.9,31.3,1.8,2,0
32,2013,188,31800,13.7,33.2,1.6,1.7,0
32,2013,189,31900,12.8,33.3,1.5,1.6,0
32,2013,190,31700,13.2,35.1,1.7,1.2,0
32,2013,191,31400,16,34.9,1.7,1.9,0
32,2013,192,31400,13.1,31.3,1.5,2.7,0
32,2013,193,31200,11.6,30.4,1.7,2.1,0
32,2013,194,31200,12.9,32.8,1.6,1.8,0
32,2013,195,31300,13.3,34.5,1.6,1.6,0
32,2013,196,30500,14,30.7,1.6,2.6,0
32,2013,197,31200,12.6,27.1,1.5,3,0
32,2013,198,31100,10.1,32.9,1.5,1.5,0
32,2013,199,31300,13.6,34.4,1.7,1.5,0
32,2013,200,30800,14.7,35.2,1.9,1.4,0
32,2013,201,30600,16.5,36.3,2,1.9,0
32,2013,202,30300,16.4,33.9,1.9,2.4,0
32,2013,203,29600,17,32.9,1.7,2,0
32,2013,204,27300,18.5,32.6,1.6,2.1,0
32,2013,205,28400,17.7,35.4,1.9,1.3,0
32,2013,206,29100,19.5,35.8,2,2.3,0
32,2013,207,29200,16.8,33.9,1.9,2.5,0
32,2013,208,29300,15.8,32.7,1.9,2.9,0
32,2013,209,29900,14.8,31.8,1.9,2.4,0
32,2013,210,28900,12.9,27.3,1.6,2.5,0
32,2013,211,28500,12.8,31.1,1.7,1.6,0
32,2013,212,29200,14.6,30.8,1.7,2.7,0
32,2013,213,29600,14.5,29.8,1.5,2.2,0
32,2013,214,29200,12.6,33.1,1.4,1.7,0
32,2013,215,25300,13.1,32.3,1.5,1.8,0
32,2013,216,28900,13.3,31.5,1.6,1.9,0
32,2013,217,29300,12.1,31.4,1.5,2,0
32,2013,218,21700,11.5,29.7,1.5,2.4,0
32,2013,219,28100,13.4,26.8,1.6,2.8,0
32,2013,220,26100,13.2,28.4,1.6,2,0
32,2013,221,22800,13.5,28.4,1.5,2.2,0
32,2013,222,27100,13.7,29.7,1.7,2.1,0
32,2013,223,27400,13.7,31.2,1.7,2,0
32,2013,224,27400,14.1,31.7,1.6,1.8,0
32,2013,225,28100,13.4,34.5,1.5,1.5,0
32,2013,226,27800,14.2,34.4,1.5,2,0
32,2013,227,27300,15.3,34.1,1.9,2.2,0
32,2013,228,26600,23.4,34.7,1.9,2.4,0
32,2013,229,25300,16.5,36.1,1.8,1.7,0
32,2013,230,26200,17.6,36.8,2,1.4,0
32,2013,231,12400,20.4,33.6,2.4,1.2,0
32,2013,232,24400,20.5,34.6,2.1,1.8,0
32,2013,233,25700,17.5,31.2,1.7,2.3,0
32,2013,234,25400,15.6,31.3,1.6,2.6,0
32,2013,235,25900,12.9,31.1,1.6,2.2,0
32,2013,236,24700,15.7,30.1,1.6,2.5,0
32,2013,237,24000,17.2,30.7,1.7,3,0
32,2013,238,25700,15.2,31.1,1.6,1.8,0
32,2013,239,25600,12,32.5,1.5,1.7,0
32,2013,240,25100,16.1,32.3,1.6,2.5,0
32,2013,241,24800,17.2,32.2,1.8,2.7,0
32,2013,242,25000,15.4,34.8,1.8,1.4,0
32,2013,243,25000,16.2,34.2,1.6,2.3,0
32,2013,244,20300,17.2,29.2,1.6,2.7,0
32,2013,245,24100,17.8,27.8,1.8,2.8,0
32,2013,246,24500,13.6,29.5,1.7,1.9,0
32,2013,247,24200,12.5,30,1.6,1.9,0
32,2013,248,24200,15.4,28.9,1.6,1.9,0
32,2013,249,24500,11.9,32.7,1.4,2,0
32,2013,250,24200,11.4,35.4,1.4,0.9,0
32,2013,251,23700,12.6,36.2,1.5,1.3,0
32,2013,252,23600,13.4,38.5,1.7,1.4,0
32,2013,253,23300,14.5,33.8,1.7,2.6,0
32,2013,254,22400,13.5,28.2,1.8,2,0
32,2013,255,22200,14.1,30.6,1.8,1.4,0
32,2013,256,22200,16,32.9,1.8,1.6,0
32,2013,257,22500,15.2,31.7,1.7,2.4,0
32,2013,258,22600,13.9,30.2,1.5,2.8,0
32,2013,259,22200,12.3,30.1,1.6,1.8,0
32,2013,260,21500,14.4,27.5,1.5,2.2,0
32,2013,261,22500,11.3,29.3,1,3.1,0
32,2013,262,22300,7.9,31.9,1.2,1,0
32,2013,263,18900,8.1,29.8,1.4,2.7,0
32,2013,264,10900,11.7,19,1.7,3.2,13.1
32,2013,265,18500,8.5,23.2,1.4,1.1,0.1
32,2013,266,20400,9.8,28,1.5,1.4,0.1
32,2013,267,19900,14.8,26.2,1.5,2.2,0
32,2013,268,18600,7.9,22.6,1,1.9,0
32,2013,269,20100,10.3,23.4,0.8,4.2,0
32,2013,270,20100,8.7,25.7,0.8,2.2,0
32,2013,271,17200,8.7,27.7,1,2.1,0
32,2013,272,8300,14.8,25.1,1.6,3.6,0
32,2013,273,14900,13.1,26.2,1.7,3.6,0
32,2013,274,19400,8.2,25.3,1.3,1.1,0
32,2013,275,19500,9.3,26,0.9,1.9,0
32,2013,276,19300,12.8,22.8,0.7,6.2,0
32,2013,277,19400,9.8,26.3,0.6,6.5,0
32,2013,278,19400,8.2,28.8,0.7,1.5,0
32,2013,279,17800,4.5,27.6,0.9,0.9,0
32,2013,280,14600,4.7,27.7,1,0.9,0
32,2013,281,17600,9.1,24.8,0.8,2.4,0
32,2013,282,17600,14.7,23.1,0.8,5.9,0
32,2013,283,17600,8.3,23.6,1,1.5,0
32,2013,284,17400,5.1,24.2,1,0.9,0
32,2013,285,17200,5.4,24.6,1.1,1.7,0
32,2013,286,17300,10.4,23.7,0.8,3.7,0
32,2013,287,17200,8.4,25.1,0.8,2.4,0
32,2013,288,17500,10.7,26.8,0.7,4.5,0
32,2013,289,16600,4,26.8,0.8,0.9,0
32,2013,290,16800,4.4,27.2,0.9,1.2,0
32,2013,291,16600,5.3,27.2,1,0.9,0
32,2013,292,16500,5.6,30.1,1,1,0
32,2013,293,16200,5.8,30.4,1,1,0
32,2013,294,15600,8.5,27.5,1,0.8,0
32,2013,295,15600,6.2,29.9,1.1,1,0
32,2013,296,15700,6.3,30,1,1,0
32,2013,297,15700,5.5,24.8,1.1,1.2,0
32,2013,298,14800,6,24.8,1.1,0.9,0
32,2013,299,-99000,5.6,25.8,1.1,0.9,0
32,2013,300,14800,4.6,21.5,1.1,1.8,0.1
32,2013,301,10000,4.6,17,1,2.1,0
32,2013,302,9300,7.2,17.8,1.1,1,0
32,2013,303,13800,4,20,1,0.9,0.1
32,2013,304,13900,3.7,22.2,1,0.8,0
