* Location: Durham Year: 2012
*                                                             *
* Column          Daily Value                                 *
*    1            Station Number                              *
*    2            Year                                        *
*    3            Day                                         *
*    4            Irradiance            KJ m-2 d-1            *
*    5            Minimum Temperature           °C            *
*    6            Maximum Temperature           °C            *
*    7            Vapor Pressure               kPa            *
*    8            Mean Wind Speed            m s-1            *
*    9            Precipitation             mm d-1            *
*-------------------------------------------------------------*   
-121.82,39.61,39.624,0,0
12,2012,61,9300,3.4,13.6,1,2.6,0.5
12,2012,62,16800,1.4,17.3,0.6,2.6,0
12,2012,63,17200,0,19.2,0.8,1,0
12,2012,64,17400,3.6,23.3,0.9,1.1,0
12,2012,65,17600,3.1,21.4,1,1.3,0
12,2012,66,17400,5,13.4,0.5,4.8,0
12,2012,67,18500,3.2,17.9,0.4,3.1,0
12,2012,68,18400,0,19.2,0.6,1.3,0
12,2012,69,18700,0.2,21.5,0.7,1.2,0
12,2012,70,15500,4.2,19.4,0.8,2.5,0
12,2012,71,10200,5.6,15.8,0.9,3.4,0
12,2012,72,14200,4.7,15.6,0.8,3.2,0
12,2012,73,4900,9.6,12,1.2,4.4,14
12,2012,74,6000,11.1,13.7,1.4,3.4,19.8
12,2012,75,7700,11,16.3,1.5,2.9,5.9
12,2012,76,4300,7.5,14.1,1.3,3.6,8
12,2012,77,14600,2.5,13.8,0.8,2,0
12,2012,78,13900,1.3,11.6,0.8,1.8,5.1
12,2012,79,13500,-0.4,10.7,0.7,0.9,0
12,2012,80,10500,7.2,14.3,1,1.1,0
12,2012,81,14800,0,19,1.3,2.6,0
12,2012,82,11800,6.7,17.6,1.1,2.8,0
12,2012,83,20800,4.9,14.6,0.8,2.3,0
12,2012,84,9600,6.6,11.1,0.9,1.9,0.3
12,2012,85,11400,6.2,12.9,1,1.5,9.7
12,2012,86,13600,5.6,13.9,0.9,2.7,0.8
12,2012,87,5400,8.5,11.1,1.1,3.1,19.4
12,2012,88,15200,10.4,17.7,1.2,3.4,2.1
12,2012,89,7700,9.7,14.2,1.2,2.2,4
12,2012,90,14400,11.2,19.3,1.4,3,0
12,2012,91,8400,8.2,14,1.1,4.1,6.3
12,2012,92,21600,2.7,16.3,0.8,1.5,0
12,2012,93,20900,3.3,20.3,0.9,2.2,0
12,2012,94,20300,7.7,19.2,1,2.6,0.5
12,2012,95,22100,3,16,0.7,1.7,0
12,2012,96,20100,-0.9,15.7,0.6,1.8,0
12,2012,97,23300,-0.6,17,0.6,1.1,0
12,2012,98,19800,1.3,18.7,0.8,1.1,0
12,2012,99,22200,2.5,21.2,0.9,1.3,0
12,2012,100,18300,6,20.5,0.9,1,0
12,2012,101,11100,10.6,14.3,1.2,1.4,1.8
12,2012,102,13800,9.4,16.5,1.2,3.2,2.5
12,2012,103,13000,8.1,15,1,4,13.4
12,2012,104,10900,6.3,12,1.1,1.6,12.4
12,2012,105,22300,4.7,20.9,1.1,1.4,0.1
12,2012,106,23900,4.9,21,1.2,1.4,0
12,2012,107,21600,9.7,21.3,1.1,1.7,0
12,2012,108,17100,5.7,21,1.2,1.4,0
12,2012,109,19600,10.7,22.4,1.4,1.2,0
12,2012,110,23900,12.4,26.1,1.6,1.6,0
12,2012,111,25000,13.8,31.6,1.7,1.6,0
12,2012,112,25100,12.8,31.4,1.8,1,0
12,2012,113,24800,13.3,32.2,1.8,1.1,0
12,2012,114,24900,14,25.6,1.6,2.3,0
12,2012,115,24500,13.2,23.5,1.5,1.4,0
12,2012,116,7600,0,19.3,1.7,1.7,10.6
12,2012,117,19600,8.6,20.6,1.1,2.9,1.3
12,2012,118,25100,5.7,21.5,0.8,2.1,0
12,2012,119,26500,7.8,26.4,1.1,2.3,0
12,2012,120,26600,12.7,29.4,1.4,1.5,0
12,2012,121,22600,12.1,28.1,1.5,1.6,0
12,2012,122,26200,9.2,24.8,1.3,1.1,0
12,2012,123,25600,8,22.1,1.2,1.7,0
12,2012,124,13300,10.9,18.1,1.2,3.1,0.7
12,2012,125,22000,9.6,21.6,1.1,1.8,0
12,2012,126,28000,8.2,23.9,0.8,3.1,0
12,2012,127,27900,11,27.8,0.9,2.4,0
12,2012,128,28300,8.4,30.4,1,1.7,0
12,2012,129,26700,9,32.6,1.2,1.2,0
12,2012,130,27700,9.6,32,1.2,1.2,0
12,2012,131,27600,14.8,28.8,0.6,4.3,0
12,2012,132,28800,11.9,32.3,1,1.8,0
12,2012,133,28300,9,33.1,1.4,1,0
12,2012,134,24700,10.1,31.1,1.4,1.6,0
12,2012,135,27400,11.6,25.1,1.3,1.9,0
12,2012,136,27800,10.7,28.1,1.5,1,0
12,2012,137,27900,12,30,1.7,1.1,0
12,2012,138,23500,13.2,25,1.5,1.3,0
12,2012,139,28300,8.6,28.9,1,1.7,0
12,2012,140,28000,8,23.6,1.5,1,0
12,2012,141,28000,11.3,33,1.5,1.1,0
12,2012,142,26900,0,27.6,1.4,2.3,0
12,2012,143,28000,13.3,27.6,1.3,1.9,0
12,2012,144,28800,14.6,26.7,0.8,3.5,0
12,2012,145,29300,12,24.8,0.7,3.8,0
12,2012,146,21500,7.3,20.2,0.8,1.8,0
12,2012,147,22100,6.7,23.2,1.2,1.5,0.2
12,2012,148,26700,9.3,24.5,1.3,1.2,0
12,2012,149,28800,12.4,24.3,1.3,1.8,0
12,2012,150,29600,8.2,27.7,1.3,1,0
12,2012,151,29500,10.3,32.1,1.6,0.9,0
12,2012,152,28900,12.8,33.1,2,1,0
12,2012,153,29000,16.1,34.3,2.2,1.1,0
12,2012,154,28100,18,31.3,1.8,1.8,0
12,2012,155,28300,14.6,29.8,1.5,2,0
12,2012,156,5800,12.4,20.7,1.4,2.8,3.8
12,2012,157,25900,7.4,20.9,1,1.4,0.1
12,2012,158,29600,11.3,26.8,1.1,2.4,0
12,2012,159,28500,11.1,28.9,1.3,1.6,0
12,2012,160,30100,12,27,1,2.1,0.3
12,2012,161,30400,9.3,24.8,1,4.7,0
12,2012,162,30300,15.2,31.2,0.9,3.1,0
12,2012,163,30200,12.4,33,1.4,1.2,0
12,2012,164,29300,12.2,33.4,1.6,1.2,0
12,2012,165,29500,15.7,34.5,1.6,1.5,0
12,2012,166,29600,13.1,33.6,1.6,1.2,0
12,2012,167,29300,13.4,34.9,1.3,2.6,0
12,2012,168,28800,18.9,34.7,1.7,2,0
12,2012,169,29200,16.4,36.1,1.9,1.9,0
12,2012,170,29100,0,30,2,1.4,0
12,2012,171,30100,0,32.8,1.2,1.8,0
12,2012,172,29800,14,33.6,1.3,1.5,0
12,2012,173,29500,14.1,26.6,1.4,2.6,0
12,2012,174,9100,11.6,21.9,1.3,2.4,0
12,2012,175,28800,12.4,22.9,1.1,2.5,0
12,2012,176,29500,11,23.8,1,2.1,0
12,2012,177,29200,12.1,24.1,1.1,2.8,0
12,2012,178,29200,10.2,26.6,1.2,1.3,0
12,2012,179,30000,8.4,29.8,1.2,1.2,0
12,2012,180,29600,11.6,30.1,1.4,1.7,0
12,2012,181,29300,13.8,29.4,1.6,1.5,0
12,2012,182,28100,14.5,30.4,1.9,1.5,0
12,2012,183,28400,17.8,29.9,2,1.6,0
12,2012,184,28900,15.6,32.2,2,1.6,0
12,2012,185,29500,14.7,32.5,2,1,0
12,2012,186,29300,14.9,31.6,2,1.3,0
12,2012,187,29600,14.9,29.2,1.6,1.8,0
12,2012,188,29700,10.9,31.9,1.6,1,0
12,2012,189,29300,13.8,34.8,1.8,1,0
12,2012,190,29400,15.1,34.5,2,1,0
12,2012,191,30000,15.8,34.4,1.9,1,0
12,2012,192,30200,0,35.4,1.9,1.1,0
12,2012,193,30000,13.7,36.9,1.9,0.9,0
12,2012,194,29100,14.6,36.9,2,0.8,0
12,2012,195,29300,14.5,31,1.9,1.4,0
12,2012,196,29200,11.9,29.6,1.8,1.1,0
12,2012,197,28800,14.3,32,1.9,1.5,0
12,2012,198,28400,14.1,25.7,1.4,3,0
12,2012,199,24600,11.9,22.3,1.5,1.7,0
12,2012,200,27900,11.1,27,1.6,1.1,0
12,2012,201,20400,13.1,28.6,1.6,1.4,0
12,2012,202,28800,13.5,32.6,1.6,1.1,0
12,2012,203,28700,13.1,35.3,1.8,0.9,0
12,2012,204,27600,15.1,37.4,2.1,0.9,0
12,2012,205,26900,18.7,32.3,1.9,1.7,0
12,2012,206,28500,14.1,31.5,1.7,1.1,0
12,2012,207,28200,13.2,31.9,1.7,1,0
12,2012,208,28300,12.9,31.5,1.7,1.3,0
12,2012,209,28300,12.1,30.1,1.7,1.3,0
12,2012,210,27800,12.2,31.6,1.7,1,0
12,2012,211,28100,13,32.3,1.9,1,0
12,2012,212,28200,14.2,33.9,1.9,0.9,0
12,2012,213,28100,15.8,34.8,1.9,0.9,0
12,2012,214,28200,14.9,35.1,1.9,0.9,0
12,2012,215,28000,13.7,35.1,1.9,0.9,0
12,2012,216,27300,14.3,34.2,2,0.9,0
12,2012,217,23100,15,29.4,1.9,1.2,0
12,2012,218,26700,16.2,31.6,2,1.4,0
12,2012,219,27100,12.8,33.7,1.8,1.2,0
12,2012,220,27000,13.1,34.4,1.8,0.8,0
12,2012,221,26800,13.7,36,1.9,0.8,0
12,2012,222,26800,13.4,36.7,1.9,0.8,0
12,2012,223,26700,14.2,37.6,2,0.8,0
12,2012,224,26600,13.5,39,2,0.7,0
12,2012,225,25500,15.5,37.5,2,0.8,0
12,2012,226,24900,17.9,38.4,2.2,0.9,0
12,2012,227,23400,0,36.7,2.3,1.3,0
12,2012,228,24900,19.4,34.7,2.1,0.8,0
12,2012,229,25700,15.1,35.7,2,1,0
12,2012,230,24400,15.3,33.4,2,1,0
12,2012,231,24400,18.6,34.3,2,1.4,0
12,2012,232,25400,14.2,33.1,1.9,1,0
12,2012,233,24100,14.3,32.3,2,0.8,0
12,2012,234,25100,14.1,32.2,1.8,1,0
12,2012,235,24500,12.7,33,1.9,1,0
12,2012,236,24600,13.4,32,1.8,1,0
12,2012,237,25100,11.3,33.8,1.6,0.9,0
12,2012,238,24800,9.9,31,1.5,1.3,0
12,2012,239,24400,11.1,26.4,1.4,1.8,0
12,2012,240,24900,9.7,29.3,1.5,1,0
12,2012,241,24500,9.4,32.1,1.3,1.1,0
12,2012,242,24800,10.3,33.3,1.4,0.8,0
12,2012,243,24100,10.4,34.2,1.4,1.1,0
12,2012,244,23900,9.8,25.9,1.5,1.7,0
12,2012,245,24200,9.4,27,1.4,0.9,0
12,2012,246,23800,9.1,30,1.5,0.9,0
12,2012,247,23900,11.1,32.4,1.6,0.9,0
12,2012,248,23400,10.6,35.2,1.5,0.9,0
12,2012,249,20800,10.5,30.9,1.5,0.9,0
12,2012,250,22400,13.7,31.1,1.4,1.1,0
12,2012,251,22200,10.4,32.8,1.4,1,0
12,2012,252,21800,13.8,32.5,1.7,1.1,0
12,2012,253,22600,12.2,30.8,1.4,1.3,0
12,2012,254,22800,9.1,32.4,1.4,0.9,0
12,2012,255,22200,10.1,32.7,1.6,0.8,0
12,2012,256,21500,11.7,32.3,1.8,0.8,0
12,2012,257,20200,12.7,33.3,1.8,0.8,0
12,2012,258,20100,14.3,31.9,1.9,0.9,0
12,2012,259,21700,13,32.2,1.6,1,0
12,2012,260,21400,9.8,32.6,1.4,0.8,0
12,2012,261,21100,10.5,31.3,1.4,1.1,0
12,2012,262,20900,10.3,30.4,1.6,0.9,0
12,2012,263,20800,10.4,30.1,1.5,0.9,0
12,2012,264,20200,9.5,30.6,1.5,0.9,0
12,2012,265,19900,10.1,31.2,1.6,0.8,0
12,2012,266,19700,11.4,33.3,1.6,0.8,0
12,2012,267,17700,13.9,31.5,1.4,1.3,0
12,2012,268,19700,9.8,32.1,1.4,0.8,0
12,2012,269,19500,10.3,33.1,1.5,0.9,0
12,2012,270,19300,11.5,30.7,1.6,0.8,0
12,2012,271,18900,11.9,33.7,1.7,0.8,0
12,2012,272,18700,11.7,33.9,1.6,0.8,0
12,2012,273,18600,11.3,32.3,1.8,0.8,0
12,2012,274,18800,11.3,35.4,1.5,0.8,0
12,2012,275,18800,10.9,34,1.5,0.9,0
12,2012,276,18400,11.4,33.7,1.6,0.9,0
12,2012,277,18300,11.8,33.4,1.4,1,0
12,2012,278,17500,10.9,26.4,1.5,1.4,0
12,2012,279,16300,9.5,24,1.4,1.2,0
12,2012,280,17000,8.3,24.1,1.4,0.9,0
12,2012,281,17300,8.8,26.2,1.4,0.9,0
12,2012,282,16200,8.5,23.8,1.2,1.3,0
12,2012,283,16600,7.2,24.9,1.2,0.8,0
12,2012,284,16400,9.2,26.1,1.2,0.9,0
12,2012,285,14600,9.3,23.8,1.3,1.7,0
12,2012,286,7500,9,18.6,1.3,1,0
12,2012,287,15200,6.8,25.1,1.3,1,0
12,2012,288,15900,8.6,25.8,1.4,0.8,0
12,2012,289,15100,10.5,29.3,1.6,0.8,0
12,2012,290,14900,13.5,29.8,1.5,1.3,0
12,2012,291,15900,10.7,30.3,0.8,2.5,0
12,2012,292,15400,0,30.6,1.4,1,0
12,2012,293,15000,11,26.7,1.5,1,0
12,2012,294,14600,10,26,1.4,0.8,0
12,2012,295,10600,10.5,18.7,1.1,1.7,0
12,2012,296,7400,8.9,16.9,1.1,3,4.2
12,2012,297,11100,8,16.1,1,1.6,0
12,2012,298,7700,7.7,16.8,1.1,1.6,1.6
12,2012,299,13600,5.6,18.5,1,1.9,0
12,2012,300,13600,5.7,24.3,1,1.2,0
12,2012,301,12900,7.3,26.7,1.3,1.2,0.1
12,2012,302,13200,8.1,27.4,1.4,0.7,0
12,2012,303,13400,8.3,27.3,1.4,0.7,0
12,2012,304,12700,6.9,24.8,1.3,0.7,0
12,2012,305,5800,12.3,17,1.5,2.2,0
12,2012,306,10800,8.7,20.2,1.5,1.2,0
12,2012,307,12000,7,20.2,1.3,0.8,0
12,2012,308,11700,8.5,23.3,1.4,0.8,0
12,2012,309,12200,6.8,24.8,1.4,0.6,0
12,2012,310,12400,7.1,25.9,1.4,0.6,0
12,2012,311,12300,8.3,26.4,1.5,0.6,0
12,2012,312,11800,13.7,23.4,1.5,1.5,0
12,2012,313,4900,0,15.1,0.8,1.2,0.1
12,2012,314,9200,1.4,13.4,0.8,0.8,0.2
12,2012,315,10500,0.2,14.8,0.7,0.9,0
12,2012,316,10300,-0.7,16.3,0.7,0.9,0.1
12,2012,317,10900,2.2,18.5,0.8,0.9,0
12,2012,318,9700,2.7,17.4,0.9,1,0
12,2012,319,10900,4.6,24.4,1.1,0.8,0
12,2012,320,9900,2.8,22.5,1.1,0.7,0.1
12,2012,321,3700,8.8,17.2,1.3,0.8,6.8
12,2012,322,4500,13.1,19.6,1.7,3,28.5
12,2012,323,7100,7.9,17.5,1.2,1.5,0
12,2012,324,4900,14.5,21.4,1.4,1.7,0
12,2012,325,3700,15.4,20.5,1.7,2.9,4.3
12,2012,326,5800,12.1,24.4,1.8,2.3,0
12,2012,327,10300,7.9,26,1.2,1.5,0
12,2012,328,9800,5.7,30.9,1.3,0.9,0.1
12,2012,329,10200,3,30.7,1.2,0.7,0.1
12,2012,330,10000,4.8,32.2,1.3,0.7,0.1
12,2012,331,9900,4,30,1.3,0.7,0
12,2012,332,6200,5.4,20.7,1.2,0.7,0.1
12,2012,333,3000,9.7,22.9,1.8,2.1,18.3
12,2012,334,2700,19.4,26.4,2.3,4,13
12,2012,335,5200,24,30.2,2.9,4.3,27.7
