usca12   149     2012    150     2012       200  2012    229     2012       262  2012  !larribee
usca12   127     2013    128     2013       183  2013    209     2013       246  2013  !larribee
usca32   150     2012    151     2012       198  2012    236     2012       264  2012   !Canal
usca32   134     2013    135     2013       186  2013    220     2013       250  2013   
usca32   129     2012    130     2012       183  2012    212     2012       244  2012   !Wylie
usca32   119     2013    120     2013       172  2013    201     2013       235  2013   !Wylie
usca12   143     2012    144     2012       194  2012    225     2012       257  2012    !RES
usca12   122     2013    123     2013       176  2013    205     2013       234  2013    !RES
usca12   143     2013    144     2013       192  2013    224     2013       252  2013    !RES
usca32   145     2012    146     2012       194  2012    231     2012       253  2012  !Lauppe
usca32   138     2013    139     2013       185  2013    223     2013       251  2013  !Lauppe
usca32   138     2012    139     2012       191  2012    224     2012       253  2012  !Tucker2
usca32   124     2013    125     2013       178  2013    209     2013       238  2013  !Tucker2
usca32   135     2012    136     2012       191  2012    227     2012       253  2012  !erdman
usca32   129     2013    130     2013       182  2013    209     2013       238  2013  !erdman
usca32   143     2012    144     2012       192  2012    230     2012       259  2012  !Marler
usca32   129     2013    130     2013       179  2013    216     2013       245  2013  !Matthews
